2.731737540481909976e-01 2.259035310637486915e-01 2.304670851080130034e-01 2.704556297800473907e-01
2.724556246352147215e-01 2.421921020308603345e-01 2.218056975670294750e-01 2.635465757668954967e-01
2.699603711886351953e-01 2.586530523197445586e-01 2.148953949161938604e-01 2.564911815754262747e-01
2.657620496073025973e-01 2.748569162273439281e-01 2.096999653376280526e-01 2.496810688277253942e-01
2.600547884836120205e-01 2.904164713918532259e-01 2.060761795356072235e-01 2.434525605889275579e-01
2.531192928447487667e-01 3.050196865988138994e-01 2.038052815911086391e-01 2.380557389653287226e-01
2.452814611007437251e-01 3.184460718957011216e-01 2.026299153951550969e-01 2.336425516084000842e-01
2.368730775542146616e-01 3.305669874422582644e-01 2.022878238817577001e-01 2.302721111217692629e-01
2.282013310424667041e-01 3.413342510531921503e-01 2.025368990356066767e-01 2.279275188687343578e-01
2.195297350157914829e-01 3.507626461637765591e-01 2.031699528661070897e-01 2.265376659543248683e-01
2.110696819213694619e-01 3.589111863678636771e-01 2.040204044676116324e-01 2.259987272431552008e-01
2.029800720129097680e-01 3.658663197017325008e-01 2.049614357941013654e-01 2.261921724912562270e-01
1.953720415901112062e-01 3.717285701855048141e-01 2.059013212638537427e-01 2.269980669605301815e-01
1.883162323758757473e-01 3.766028818077221119e-01 2.067771203185675699e-01 2.283037654978345987e-01
1.818507733640917223e-01 3.805922347467251554e-01 2.075482032055279424e-01 2.300087886836553186e-01
1.759888596160875118e-01 3.837938300918982693e-01 2.081904324706675968e-01 2.320268778213466776e-01
1.707253652572561786e-01 3.862971242377478687e-01 2.086913503830651051e-01 2.342861601219309586e-01
1.660422959267821574e-01 3.881831021939293747e-01 2.090464285609980877e-01 2.367281733182902970e-01
1.619131002348546400e-01 3.895243235777333113e-01 2.092562807729207719e-01 2.393062954144913324e-01
1.583059660152959514e-01 3.903854110280894352e-01 2.093246764360279788e-01 2.419839465205866347e-01
1.551862660902309510e-01 3.908237606237230377e-01 2.092571821301492385e-01 2.447327911558968561e-01
1.525183197701074911e-01 3.908903349244138847e-01 2.090602747520729499e-01 2.475310705534055911e-01
1.502666197815717142e-01 3.906304553590264073e-01 2.087407963921715237e-01 2.503621284672303271e-01
1.483966511561540247e-01 3.900845476339661611e-01 2.083056487014437186e-01 2.532131525084359014e-01
1.468754049085780888e-01 3.892888171244690554e-01 2.077616492452621921e-01 2.560741287216906081e-01
1.456716679267950065e-01 3.882758452690579509e-01 2.071154926427737908e-01 2.589369941613733905e-01
1.447561524043776415e-01 3.870751060738718552e-01 2.063737751141248855e-01 2.617949664076255067e-01
1.441015134484730231e-01 3.857134062091870930e-01 2.055430529754469771e-01 2.646420273668927958e-01
1.436822918455283038e-01 3.842152543450419455e-01 2.046299144056563379e-01 2.674725394037732462e-01
1.434748098671390359e-01 3.826031662811641976e-01 2.036410502172606163e-01 2.702809736344360392e-01
1.434570409468254315e-01 3.808979126681433236e-01 2.025833140396062215e-01 2.730617323454251344e-01
1.436084686067801985e-01 3.791187160352345042e-01 2.014637657777897106e-01 2.758090495801956421e-01
1.439099457897126955e-01 3.772834036260443447e-01 2.002896948176518255e-01 2.785169557665910789e-01
1.443435624601822620e-01 3.754085222896707541e-01 1.990686214666482490e-01 2.811792937834987072e-01
1.448925267572763742e-01 3.735094214171323923e-01 1.978082767187653024e-01 2.837897751068259589e-01
1.455410629393819877e-01 3.716003096541922179e-01 1.965165617067991255e-01 2.863420656996265579e-01
1.462743277414392529e-01 3.696942908491429036e-01 1.952014892080602138e-01 2.888298922013576853e-01
1.470783454794302170e-01 3.678033843900064270e-01 1.938711103226008203e-01 2.912471598079624524e-01
1.479399612247218054e-01 3.659385347341262973e-01 1.925334299566456020e-01 2.935880740845063230e-01
1.488468105874403424e-01 3.641096145246154880e-01 1.911963150271033529e-01 2.958472598608408166e-01
1.497873040591050919e-01 3.623254252206657422e-01 1.898673993710429664e-01 2.980198713491861717e-01
1.507506234423824920e-01 3.605936986485770435e-01 1.885539892209011636e-01 3.001016886881391343e-01
1.517267276167511558e-01 3.589211023201590578e-01 1.872629728245469305e-01 3.020891972385427726e-01
1.527063647334624130e-01 3.573132507822365245e-01 1.860007373870679326e-01 3.039796470972331854e-01
1.536810878861483709e-01 3.557747246742709035e-01 1.847730960271328216e-01 3.057710914124479040e-01
1.546432713542903459e-01 3.543090985989134079e-01 1.835852269103142864e-01 3.074624031364818766e-01
1.555861246598274628e-01 3.529189783683047699e-01 1.824416261731780231e-01 3.090532707986898275e-01
1.565037019109729866e-01 3.516060476889136255e-01 1.813460757048759586e-01 3.105441746952374293e-01
1.573909042320615903e-01 3.503711238976766063e-01 1.803016263189088364e-01 3.119363455513529115e-01
1.582434734930132647e-01 3.492142219670177350e-01 1.793105963320681395e-01 3.132317082079008608e-01
1.590579760507456475e-01 3.481346256590872601e-01 1.783745850735073135e-01 3.144328132166598344e-01
1.598317757830996499e-01 3.471309644330888289e-01 1.774945003788467868e-01 3.155427594049648454e-01
1.605629963086184497e-01 3.462012944976022855e-01 1.766705986910208637e-01 3.165651105027583734e-01
1.612504729076203736e-01 3.453431822570238729e-01 1.759025360057970000e-01 3.175038088295587535e-01
1.618936952486670078e-01 3.445537883329958251e-01 1.751894275846500870e-01 3.183630888336870246e-01
1.624927425346229526e-01 3.438299503521148326e-01 1.745299141321539071e-01 3.191473929811083354e-01
1.630482130730829538e-01 3.431682627814793274e-01 1.739222320177723491e-01 3.198612921276652310e-01
1.635611505166687518e-01 3.425651522601051435e-01 1.733642851247228223e-01 3.205094120985033102e-01
1.640329690948723051e-01 3.420169471073816192e-01 1.728537160328074695e-01 3.210963677649386616e-01
1.644653800738869465e-01 3.415199399741633557e-01 1.723879744773858524e-01 3.216267054745637344e-01
1.648603214542634088e-01 3.410704429178612052e-01 1.719643813516297803e-01 3.221048542762455780e-01
1.652198925814908625e-01 3.406648345079953955e-01 1.715801869044419059e-01 3.225350860060720026e-01
1.655462949424116592e-01 3.402995988807407945e-01 1.712326221987201524e-01 3.229214839781273105e-01
1.658417799928531555e-01 3.399713569417168735e-01 1.709189433014917381e-01 3.232679197639382052e-01
1.661086044469347600e-01 3.396768901509136795e-01 1.706364680510303045e-01 3.235780373511211727e-01
1.663489930861572486e-01 3.394131575038448756e-01 1.703826055657660932e-01 3.238552438442318659e-01
1.665651088366029986e-01 3.391773064465875009e-01 1.701548789134601780e-01 3.241027058033494335e-01
1.667590296253009252e-01 3.389666785310419539e-01 1.699509415426231351e-01 3.243233503010339303e-01
1.669327313631840948e-01 3.387788106373963437e-01 1.697685881941803920e-01 3.245198698052391695e-01
1.670880763065166752e-01 3.386114325716816364e-01 1.696057610675349991e-01 3.246947300542666892e-01
1.672268060113561716e-01 3.384624617971584981e-01 1.694605520219159833e-01 3.248501801695693469e-01
1.673505381044806672e-01 3.383299959886235664e-01 1.693312015628696265e-01 3.249882643440261676e-01
1.674607661370016432e-01 3.382123040170207928e-01 1.692160953062712969e-01 3.251108345397062394e-01
1.675588618520804651e-01 3.381078158852097171e-01 1.691137585384570041e-01 3.252195637242529247e-01
1.676460792761087226e-01 3.380151120498739448e-01 1.690228494093638512e-01 3.253159592646533982e-01
1.677235601255882835e-01 3.379329124833461151e-01 1.689421512124486269e-01 3.254013761786169190e-01
1.677923401039772278e-01 3.378600657551777409e-01 1.688705641252693512e-01 3.254770300155757634e-01
1.678533557400647136e-01 3.377955383479639417e-01 1.688070967110391896e-01 3.255440092009320718e-01
1.679074514894719206e-01 3.377384043658323565e-01 1.687508574159363450e-01 3.256032867287592669e-01
1.679553868824875951e-01 3.376878357469204617e-01 1.687010462402208366e-01 3.256557311303709956e-01
1.679978435542124893e-01 3.376430930525883278e-01 1.686569467132821021e-01 3.257021166799171086e-01
1.680354320371794941e-01 3.376035168751853055e-01 1.686179182631544204e-01 3.257431328244806412e-01
1.680686982328506440e-01 3.375685198819809996e-01 1.685833890390250611e-01 3.257793928461432675e-01
1.680981295075102411e-01 3.375375794943806240e-01 1.685528492199277750e-01 3.258114417781812766e-01
1.681241603810132434e-01 3.375102311878739325e-01 1.685258448232037076e-01 3.258397636079090609e-01
1.681471777945186541e-01 3.374860623883936261e-01 1.685019720115114028e-01 3.258647878055764835e-01
1.681675259566512148e-01 3.374647069341606409e-01 1.684808718863265997e-01 3.258868952228614613e-01
1.681855107772738944e-01 3.374458400679786751e-01 1.684622257482325525e-01 3.259064234065149335e-01
1.682014039048878307e-01 3.374291739227658349e-01 1.684457507991790892e-01 3.259236713731671897e-01
1.682154463883105966e-01 3.374144534623584879e-01 1.684311962588039557e-01 3.259389038905269320e-01
1.682278519860677390e-01 3.374014528400025026e-01 1.684183398652788766e-01 3.259523553086509651e-01
1.682388101484387222e-01 3.373899721380531624e-01 1.684069847306962908e-01 3.259642329828117968e-01
1.682484886975598726e-01 3.373798344540625549e-01 1.683969565213845887e-01 3.259747203269929283e-01
1.682570362307244383e-01 3.373708833004272489e-01 1.683881009344947999e-01 3.259839795343534852e-01
1.682645842712177375e-01 3.373629802869664296e-01 1.683802814435530204e-01 3.259921539982628125e-01
1.682712491900313634e-01 3.373560030580377567e-01 1.683733772874193291e-01 3.259993704645114954e-01
1.682771339199179150e-01 3.373498434582440364e-01 1.683672816783325921e-01 3.260057409435054843e-01
1.682823294829790539e-01 3.373444059026300401e-01 1.683619002077510751e-01 3.260113644066396921e-01
1.682869163495674114e-01 3.373396059300372563e-01 1.683571494286305592e-01 3.260163282917649119e-01
1.682909656466259063e-01 3.373353689197095551e-01 1.683529555964287938e-01 3.260207098372357448e-01
