2.731737540481914417e-01 2.259035310637489136e-01 2.304670851080123928e-01 2.704556297800471687e-01
2.724473409412250247e-01 2.252992738038270548e-01 2.307069103239694496e-01 2.715464749309785542e-01
2.704052139583251746e-01 2.235910096904664690e-01 2.313962261718021940e-01 2.746075501794060791e-01
2.674131200060401725e-01 2.210602972011742606e-01 2.324531588599589582e-01 2.790734239328265254e-01
2.639501395316561916e-01 2.180842520541483587e-01 2.337662088588715048e-01 2.841993995553238617e-01
2.604767705053583349e-01 2.150405441324203248e-01 2.352203531793924662e-01 2.892623321828288185e-01
2.573400850267079654e-01 2.122360837455696814e-01 2.367171464101157641e-01 2.937066848176065337e-01
2.547394912688139001e-01 2.098766612876246107e-01 2.381839541989358433e-01 2.971998932446255348e-01
2.527421243624741187e-01 2.080712331423846262e-01 2.395737900580586777e-01 2.996128524370825774e-01
2.513217803020137975e-01 2.068538025024509730e-01 2.408602270678696644e-01 3.009641901276654541e-01
2.503996303304569238e-01 2.062083386741148106e-01 2.420312765571987768e-01 3.013607544382294057e-01
2.498759527644102696e-01 2.060893502147779777e-01 2.430842383403403195e-01 3.009504586804713777e-01
2.496506588221253931e-01 2.064363365000962958e-01 2.440220319509131264e-01 2.998909727268651570e-01
2.496344678845026366e-01 2.071830033831939810e-01 2.448508064873262113e-01 2.983317222449771156e-01
2.497536117312298687e-01 2.082627889376042762e-01 2.455784487378059600e-01 2.964051505933598674e-01
2.499506032854458826e-01 2.096120391572083574e-01 2.462136608576098173e-01 2.942236966997359704e-01
2.501828983029010245e-01 2.111717626593733188e-01 2.467653830515322000e-01 2.918799559861934290e-01
2.504206274296544299e-01 2.128885389954520979e-01 2.472424249263408536e-01 2.894484086485526464e-01
2.506440933498750856e-01 2.147149141454623711e-01 2.476532275869455235e-01 2.869877649177171031e-01
2.508414058922842638e-01 2.166094722255753890e-01 2.480057125364198145e-01 2.845434093457204772e-01
2.510064277564528767e-01 2.185366926584473846e-01 2.483071916798066936e-01 2.821496879052931006e-01
2.511370863215249827e-01 2.204666604978288980e-01 2.485643220866364800e-01 2.798319310940095561e-01
2.512340431695038734e-01 2.223746764995178371e-01 2.487830939759306248e-01 2.776081863550476370e-01
2.512996819393541470e-01 2.242408023905718972e-01 2.489688430585750845e-01 2.754906726114988436e-01
2.513373634159142278e-01 2.260493699853360905e-01 2.491262801090237955e-01 2.734869864897259695e-01
2.513508957763799789e-01 2.277884776358932439e-01 2.492595319798230347e-01 2.716010946079036592e-01
2.513441723914551784e-01 2.294494928973834225e-01 2.493721894248381310e-01 2.698341452863231571e-01
2.513209363693377218e-01 2.310265759402254926e-01 2.494673581196936163e-01 2.681851295707430860e-01
2.512846383539080186e-01 2.325162341886499173e-01 2.495477101660222297e-01 2.666514172914197789e-01
2.512383609987763888e-01 2.339169150363897554e-01 2.496155341329335531e-01 2.652291898319003582e-01
2.511847895976643263e-01 2.352286403960210381e-01 2.496727823220316611e-01 2.639137876842829189e-01
2.511262134153520731e-01 2.364526843324386007e-01 2.497211144464248633e-01 2.626999878057844073e-01
2.510645463499314722e-01 2.375912931105550185e-01 2.497619373012442412e-01 2.615822232382692958e-01
2.510013587649592703e-01 2.386474456061085381e-01 2.497964402889497337e-01 2.605547553399824023e-01
2.509379147894321149e-01 2.396246511136058410e-01 2.498256268644057088e-01 2.596118072325563353e-01
2.508752112292088610e-01 2.405267810528641803e-01 2.498503420991381452e-01 2.587476656187888691e-01
2.508140155904445279e-01 2.413579308410429558e-01 2.498712966467991348e-01 2.579567569217134371e-01
2.507549016923850682e-01 2.421223081834732449e-01 2.498890874356520797e-01 2.572337026884896072e-01
2.506982820339674345e-01 2.428241441776377851e-01 2.499042154298673490e-01 2.565733583585274036e-01
2.506444365491213300e-01 2.434676238663469328e-01 2.499171007981360326e-01 2.559708387863955936e-01
2.505935376969155581e-01 2.440568331761896192e-01 2.499280958122910012e-01 2.554215333146038214e-01
2.505456720292669193e-01 2.445957195041497112e-01 2.499374957751976933e-01 2.549211126913857872e-01
2.505008584942491345e-01 2.450880635462510670e-01 2.499455482498223746e-01 2.544655297096773960e-01
2.504590637923773122e-01 2.455374602818028440e-01 2.499524608326220421e-01 2.540510150931976074e-01
2.504202151248694497e-01 2.459473073256361053e-01 2.499584076858891446e-01 2.536740698636054669e-01
2.503842106701028580e-01 2.463207991330123858e-01 2.499635350166257985e-01 2.533314551802588466e-01
2.503509281067647918e-01 2.466609257853154824e-01 2.499679656644541725e-01 2.530201804434655255e-01
2.503202314760330505e-01 2.469704752987486318e-01 2.499718029383664608e-01 2.527374902868517736e-01
2.502919766450319439e-01 2.472520385842201796e-01 2.499751338218905439e-01 2.524808509488574715e-01
2.502660156026812466e-01 2.475080163462075877e-01 2.499780316484172538e-01 2.522479364026939397e-01
2.502421997888235605e-01 2.477406273441400686e-01 2.499805583329112180e-01 2.520366145341253472e-01
2.502203826291932720e-01 2.479519175542008458e-01 2.499827662328001909e-01 2.518449335838054970e-01
2.502004214230550971e-01 2.481437698651092483e-01 2.499846996993128068e-01 2.516711090125228201e-01
2.501821787073916226e-01 2.483179140207836810e-01 2.499863963706893399e-01 2.515135109011354397e-01
2.501655232013411112e-01 2.484759365881601401e-01 2.499878882503716593e-01 2.513706519601270895e-01
2.501503304171472930e-01 2.486192907819582132e-01 2.499892026061471817e-01 2.512411761947473954e-01
2.501364830088671498e-01 2.487493060215696383e-01 2.499903627203465539e-01 2.511238482492166857e-01
2.501238709173649322e-01 2.488671971302875152e-01 2.499913885161093308e-01 2.510175434362382219e-01
2.501123913593294446e-01 2.489740731150724418e-01 2.499922970805971700e-01 2.509212384450009159e-01
2.501019486990388452e-01 2.490709454872110928e-01 2.499931031024921202e-01 2.508340027112579973e-01
2.500924542340885459e-01 2.491587361016367741e-01 2.499938192381961355e-01 2.507549904260786278e-01
2.500838259200103275e-01 2.492382845061369423e-01 2.499944564187103757e-01 2.506834331551424100e-01
2.500759880536373436e-01 2.493103548019680038e-01 2.499950241071371981e-01 2.506186330372573434e-01
2.500688709307644642e-01 2.493756420250985151e-01 2.499955305150537432e-01 2.505599565290832498e-01
2.500624104902707812e-01 2.494347780629472544e-01 2.499959827846133797e-01 2.505068286621684459e-01
2.500565479540325931e-01 2.494883371254517923e-01 2.499963871420578798e-01 2.504587277784577903e-01
2.500512294696911053e-01 2.495368407919899834e-01 2.499967490273637682e-01 2.504151807109552541e-01
2.500464057615366387e-01 2.495807626572973670e-01 2.499970732039315524e-01 2.503757583772343587e-01
2.500420317932884884e-01 2.496205326003942404e-01 2.499973638515867735e-01 2.503400717547305532e-01
2.500380664454210367e-01 2.496565407007305115e-01 2.499976246455952456e-01 2.503077682082531785e-01
2.500344722087526339e-01 2.496891408255623723e-01 2.499978588239279154e-01 2.502785281417571617e-01
2.500312148953220959e-01 2.497186539119585491e-01 2.499980692446739372e-01 2.502520619480453901e-01
2.500282633670190546e-01 2.497453709660401588e-01 2.499982584351385650e-01 2.502281072318022215e-01
2.500255892820202885e-01 2.497695558010487871e-01 2.499984286339376194e-01 2.502064262829932773e-01
2.500231668587684641e-01 2.497914475347379759e-01 2.499985818271737437e-01 2.501868037793199551e-01
2.500209726570021829e-01 2.498112628654078626e-01 2.499987197796013916e-01 2.501690446979885074e-01
2.500189853751891289e-01 2.498291981447197108e-01 2.499988440615346086e-01 2.501529724185564407e-01
2.500171856635844403e-01 2.498454312642109654e-01 2.499989560721453397e-01 2.501384270000591714e-01
2.500155559520980675e-01 2.498601233712741398e-01 2.499990570596716810e-01 2.501252636169560284e-01
2.500140802920866601e-01 2.498734204291921668e-01 2.499991481389995107e-01 2.501133511397216624e-01
2.500127442111915177e-01 2.498854546347580030e-01 2.499992303069896726e-01 2.501025708470607789e-01
2.500115345803386457e-01 2.498963457059318050e-01 2.499993044558643240e-01 2.500928152578651975e-01
2.500104394920447115e-01 2.499062020510117998e-01 2.499993713849377464e-01 2.500839870720057978e-01
2.500094481491976217e-01 2.499151218298618915e-01 2.499994318109053093e-01 2.500759982100352330e-01
2.500085507635120829e-01 2.499231939168718164e-01 2.499994863768882913e-01 2.500687689427276705e-01
2.500077384628995314e-01 2.499304987745056272e-01 2.499995356604140795e-01 2.500622271021807341e-01
2.500070032070461079e-01 2.499371092455437426e-01 2.499995801804479889e-01 2.500563073669623271e-01
2.500063377105249951e-01 2.499430912714348529e-01 2.499996204036235847e-01 2.500509506144163452e-01
2.500057353728173948e-01 2.499485045435007602e-01 2.499996567497516919e-01 2.500461033339300698e-01
2.500051902146468441e-01 2.499534030931846451e-01 2.499996895967178667e-01 2.500417170954505885e-01
2.500046968201145581e-01 2.499578358269429201e-01 2.499997192848265881e-01 2.500377480681159059e-01
2.500042502841004488e-01 2.499618470109134238e-01 2.499997461206735216e-01 2.500341565843125502e-01
2.500038461644903398e-01 2.499654767100087660e-01 2.499997703805921789e-01 2.500309067449085765e-01
2.500034804388061582e-01 2.499687611856754310e-01 2.499997923137307621e-01 2.500279660617877875e-01
2.500031494648229935e-01 2.499717332561740002e-01 2.499998121447994381e-01 2.500253051342034016e-01
2.500028499448489483e-01 2.499744226228725608e-01 2.499998300765292891e-01 2.500228973557492296e-01
2.500025788933103454e-01 2.499768561657389754e-01 2.499998462918712194e-01 2.500207186490793765e-01
2.500023336073590730e-01 2.499790582109168158e-01 2.499998609559646034e-01 2.500187472257595633e-01
2.500021116402163512e-01 2.499810507730019782e-01 2.499998742179101174e-01 2.500169633688715809e-01
2.500019107770167226e-01 2.499828537744026302e-01 2.499998862123478383e-01 2.500153492362328644e-01
